{
  "lambda": -0.8047594174732818,
  "mean": 0.3946663439273834,
  "std": 0.4556196928024292
}